                 label    n  test_n  mid_train_pf  mid_test_pf  mid_test_pf_s  mid_test_pts_s  q_train_pf_s  q_train_pts_s  q_test_pf_s  q_test_pts_s  q_test_pf_b  median_risk  test_pos_months  gold_corr  bars1to5  bar7
             F_H0_base 1997     786         0.885        0.956          0.910          -377.8         0.822         -576.2        0.918        -338.4        0.965         3.90              0.4      -0.31     False False
        F_H0_v_default 1997     786         0.885        0.956          0.910          -377.8         0.822         -576.2        0.918        -338.4        0.965         3.90              0.4      -0.31     False False
         F_H1_minsl2.0 1841     783         0.911        0.956          0.910          -375.8         0.854         -438.0        0.918        -337.2        0.965         4.21              0.4      -0.33     False False
         F_H1_minsl2.5 1667     769         0.930        0.952          0.908          -386.3         0.874         -345.9        0.917        -343.6        0.962         4.63              0.4      -0.31     False False
         F_H1_minsl3.0 1475     731         0.950        0.954          0.911          -364.7         0.900         -247.0        0.921        -318.7        0.965         5.04              0.4      -0.31     False False
         F_H1_minsl3.5 1310     701         0.973        0.953          0.911          -359.4         0.928         -157.0        0.919        -323.5        0.962         5.51              0.4      -0.32     False False
         F_H2_slbuf0.0 2121     835         0.858        0.953          0.905          -399.5         0.800         -671.6        0.877        -515.2        0.925         3.63              0.5      -0.33     False False
        F_H2_slbuf0.25 1883     728         0.965        0.929          0.888          -474.5         0.870         -413.5        0.847        -655.2        0.886         4.29              0.5      -0.25     False False
         F_H2_slbuf0.5 1680     635         0.995        0.925          0.889          -465.8         0.929         -216.6        0.861        -584.0        0.897         4.92              0.5      -0.40     False False
         F_H5_kz_add12 2176     856         0.850        0.959          0.912          -394.8         0.793         -738.7        0.923        -340.6        0.970         3.88              0.5      -0.37     False False
           F_H5_kz_all 2667    1055         0.837        0.980          0.931          -368.5         0.765        -1013.7        0.912        -465.3        0.961         3.72              0.5      -0.28     False False
        F_H5_kz_narrow 1412     570         0.963        0.937          0.893          -329.1         0.888         -255.9        0.917        -248.7        0.964         4.08              0.6      -0.42     False False
    F_H6_bias_ema15_21 2668    1054         0.817        0.889          0.844          -860.0         0.753        -1044.7        0.857        -776.8        0.903         3.87              0.3      -0.23     False False
F_H6_bias_h1_resampled 2138     836         0.867        0.879          0.838          -755.4         0.807         -667.2        0.845        -709.7        0.888         3.90              0.3      -0.38     False False
        F_H6_bias_none 3318    1333         0.861        0.864          0.821         -1274.6         0.806        -1028.8        0.787       -1520.6        0.828         3.98              0.2      -0.41     False False
        F_S14_floor1.5 3644    1338         0.647        0.700          0.620         -1274.1         0.565        -2242.9        0.633       -1180.1        0.717         2.36              0.0       0.32     False False
        F_S14_floor3.0 1499     702         0.749        0.760          0.693          -670.4         0.675         -776.4        0.686        -668.0        0.754         3.52              0.0       0.27     False False
               H0_base 2161     838         1.258        1.474          1.400          1395.7         1.180          523.4        1.377        1319.9        1.452         3.50              0.9      -0.37      True False
          H0_v_default 2161     838         1.258        1.474          1.400          1395.7         1.180          523.4        1.377        1319.9        1.452         3.50              0.9      -0.37      True False
           H1_minsl2.0 1998     834         1.273        1.449          1.376          1326.9         1.210          572.8        1.348        1232.3        1.421         3.79              0.9      -0.36      True False
             L_H0_base 2161     838         1.258        1.474          1.400          1395.7         1.180          523.4        1.377        1319.9        1.452         3.50              0.9      -0.37      True False
