S5 window bars: 8,487,720  2024-09-01T22:04:55 -> 2026-09-17T23:59:55  (2025-12-25 23:00-23:15 dropped)

=== spread median by UTC hour (rows) x weekday (cols, Mon=0) ===
weekday     0     1     2     3     4     6
hour                                       
0        0.69  0.66  0.66  0.66  0.66   NaN
1        0.69  0.66  0.65  0.66  0.65   NaN
2        0.67  0.64  0.64  0.64  0.64   NaN
3        0.67  0.64  0.64  0.64  0.63   NaN
4        0.66  0.63  0.63  0.63  0.63   NaN
5        0.65  0.64  0.64  0.64  0.64   NaN
6        0.62  0.61  0.61  0.61  0.62   NaN
7        0.60  0.59  0.58  0.58  0.59   NaN
8        0.60  0.59  0.58  0.58  0.59   NaN
9        0.59  0.58  0.58  0.57  0.59   NaN
10       0.59  0.57  0.58  0.57  0.58   NaN
11       0.59  0.58  0.58  0.58  0.58   NaN
12       0.60  0.59  0.59  0.61  0.60   NaN
13       0.60  0.60  0.61  0.62  0.62   NaN
14       0.59  0.60  0.60  0.60  0.62   NaN
15       0.58  0.58  0.58  0.58  0.59   NaN
16       0.58  0.58  0.58  0.58  0.60   NaN
17       0.59  0.58  0.58  0.59  0.60   NaN
18       0.59  0.57  0.61  0.58  0.60   NaN
19       0.57  0.57  0.59  0.58  0.60   NaN
20       0.63  0.63  0.63  0.64  0.68   NaN
21       0.68  0.70  0.69  0.76  0.84   NaN
22       0.75  0.75  0.79  0.75   NaN  0.84
23       0.71  0.71  0.72  0.72   NaN  0.76

=== spread p95 by UTC hour x weekday ===
weekday     0     1     2     3     4     6
hour                                       
0        1.43  1.12  1.18  1.20  1.21   NaN
1        1.35  1.14  1.15  1.18  1.20   NaN
2        1.18  1.07  1.10  1.10  1.14   NaN
3        1.12  1.03  1.10  1.07  1.13   NaN
4        1.06  1.01  1.06  1.06  1.10   NaN
5        1.09  1.06  1.06  1.06  1.10   NaN
6        1.10  1.06  1.08  1.03  1.16   NaN
7        1.07  0.99  0.97  0.97  1.08   NaN
8        0.99  0.95  0.97  0.98  1.05   NaN
9        0.97  0.93  0.96  0.94  1.02   NaN
10       0.99  0.93  0.96  0.93  1.03   NaN
11       0.97  0.96  0.95  0.93  1.09   NaN
12       0.94  0.97  0.98  0.97  1.11   NaN
13       0.99  1.00  1.02  1.06  1.17   NaN
14       1.01  1.05  1.00  1.03  1.10   NaN
15       0.99  1.00  1.00  1.00  1.08   NaN
16       0.99  0.93  0.96  1.03  1.03   NaN
17       0.99  1.00  0.99  1.03  1.06   NaN
18       0.98  0.98  1.07  1.01  1.06   NaN
19       0.99  0.98  1.02  0.99  1.03   NaN
20       1.04  1.05  1.08  1.09  1.37   NaN
21       1.34  1.23  1.30  1.30  2.25   NaN
22       1.27  1.47  1.41  1.38   NaN  2.06
23       1.29  1.35  1.38  1.53   NaN  1.93

=== spread by UTC hour (all weekdays) ===
 hour      n  mean  p50  p95   p99
    0 369669 0.718 0.67 1.22 2.820
    1 379030 0.711 0.66 1.20 2.770
    2 377048 0.686 0.65 1.12 2.830
    3 373122 0.679 0.64 1.09 2.650
    4 364996 0.669 0.64 1.06 2.520
    5 374233 0.676 0.64 1.07 2.950
    6 377965 0.659 0.61 1.08 2.950
    7 377631 0.625 0.59 1.01 2.520
    8 377173 0.619 0.59 0.98 2.430
    9 376548 0.617 0.58 0.96 4.815
   10 375853 0.613 0.58 0.97 3.200
   11 376389 0.617 0.58 0.97 3.836
   12 378546 0.629 0.60 0.99 3.350
   13 379867 0.647 0.61 1.04 2.970
   14 380007 0.638 0.60 1.04 2.240
   15 379629 0.626 0.59 1.01 2.880
   16 378475 0.622 0.58 0.99 2.405
   17 374866 0.630 0.59 1.01 2.470
   18 370535 0.634 0.59 1.02 3.410
   19 364830 0.625 0.58 1.00 2.610
   20 337253 0.690 0.64 1.12 4.295
   21 103259 0.802 0.73 1.41 5.000
   22 205201 0.865 0.77 1.51 5.378
   23 335595 0.822 0.73 1.48 6.312

=== spread by month (p50 / p95 / core 07-16 p50 / median price / p50 in bp of price) ===
  month      n  p50  p95  core_p50  core_p95    price  p50_bp
2024-09 328941 0.39 0.46      0.38      0.45 2571.380   1.517
2024-10 364692 0.40 0.48      0.39      0.46 2674.560   1.496
2024-11 333838 0.41 0.49      0.41      0.47 2649.390   1.548
2024-12 329067 0.47 0.72      0.46      0.66 2639.915   1.780
2025-01 347768 0.53 0.74      0.52      0.70 2705.435   1.959
2025-02 318981 0.54 0.77      0.51      0.68 2902.525   1.860
2025-03 333975 0.54 0.68      0.51      0.63 2995.540   1.803
2025-04 341412 0.65 0.92      0.62      0.84 3231.375   2.012
2025-05 353369 0.77 1.01      0.75      0.94 3294.585   2.337
2025-06 338081 0.68 0.87      0.67      0.82 3356.305   2.026
2025-07 360774 0.57 0.74      0.55      0.70 3337.905   1.708
2025-08 328163 0.55 0.78      0.53      0.73 3361.545   1.636
2025-09 353123 0.58 0.74      0.56      0.68 3653.000   1.588
2025-10 375512 0.74 1.24      0.71      1.12 4034.335   1.834
2025-11 320302 0.76 1.06      0.72      1.00 4079.902   1.863
2025-12 355426 0.80 1.23      0.76      1.17 4310.805   1.856
2026-01 343168 0.99 1.84      0.94      1.58 4628.195   2.139
2026-02 324638 0.88 1.81      0.80      1.60 5016.845   1.754
2026-03 361883 0.87 1.33      0.80      1.29 5009.855   1.737
2026-04 344025 0.74 1.16      0.69      1.02 4727.110   1.565
2026-05 342531 0.66 0.96      0.62      0.86 4561.085   1.447
2026-06 358446 0.66 0.94      0.62      0.83 4224.468   1.562
2026-07 372695 0.60 0.83      0.57      0.76 4065.575   1.476
2026-08 345698 0.56 0.79      0.53      0.73 4398.160   1.273
2026-09 211212 0.54 0.79      0.53      0.75 4367.077   1.237

drift: monthly p50 slope +0.134 pts/yr (corr +0.53); in bp of price -0.158 bp/yr (corr -0.37); first 6 mo p50 mean 0.457, last 6 mo 0.627
TRAIN months p50 mean 0.572 (p95 0.780)   TEST 0.730 (p95 1.168)

=== spread around the daily break, by UTC minute (Mon-Fri; n = bars) -- every 5th minute shown ===
  utc    n   p50   p95   p99
20:30 5718 0.630 1.070 1.388
20:35 5623 0.650 1.080 1.380
20:40 5612 0.650 1.130 1.530
20:45 5739 0.680 1.180 1.656
20:50 5725 0.700 1.190 1.588
20:55 5762 0.690 1.370 2.630
21:00 1937 0.670 1.220 1.842
21:05 1838 0.690 1.211 2.076
21:10 1791 0.700 1.250 1.857
21:15 1758 0.710 1.212 1.799
21:20 1741 0.710 1.260 1.876
21:25 1723 0.710 1.260 2.406
21:30 1778 0.710 1.331 2.295
21:35 1700 0.720 1.260 1.861
21:40 1764 0.710 1.340 2.027
21:45 1758 0.750 1.432 2.304
21:50 1804 0.770 1.490 2.310
21:55 1744 0.810 2.650 3.910
22:00    0   NaN   NaN   NaN
22:05 3052 0.895 2.100 4.604
22:10 2979 0.840 1.780 4.034
22:15 3009 0.800 1.436 2.380
22:20 3023 0.740 1.399 3.001
22:25 2961 0.760 1.380 2.200
first 12 minutes after the reopen:
  utc    n   p50   p95   p99
22:00    0   NaN   NaN   NaN
22:01    0   NaN   NaN   NaN
22:02    0   NaN   NaN   NaN
22:03    0   NaN   NaN   NaN
22:04  282 0.910 2.039 5.025
22:05 3052 0.895 2.100 4.604
22:06 2961 0.880 1.970 4.352
22:07 2918 0.880 2.003 4.504
22:08 2923 0.870 1.859 4.894
22:09 2982 0.850 1.900 5.000
22:10 2979 0.840 1.780 4.034
22:11 2958 0.840 1.751 3.362

=== Sunday open, by UTC minute (first 15 minutes, then every 15) ===
  utc    n   p50   p95   p99
22:04   70 1.165 3.247 4.358
22:05  818 1.155 3.963 5.000
22:06  821 1.140 3.700 5.000
22:07  820 1.090 3.470 5.000
22:08  822 1.100 3.017 5.000
22:09  827 1.070 3.265 5.000
22:10  833 1.040 3.570 5.000
22:11  832 0.990 3.039 4.282
22:12  822 0.970 2.869 4.102
22:13  830 0.920 2.767 3.394
22:14  830 0.975 2.435 3.234
22:15  831 0.960 2.625 3.317
22:16  826 0.930 2.700 3.800
22:17  815 0.910 2.859 4.007
22:18  808 0.900 2.406 3.959
22:19  800 0.870 2.391 3.681
22:34  803 0.830 1.720 2.870
22:49  788 0.765 1.487 2.653
23:04  851 0.780 1.770 2.875
23:19 1204 0.780 2.027 2.968
23:34 1221 0.760 1.770 3.004
23:49 1230 0.745 1.731 2.390
Sunday 22:00-23:00 p50 0.840 p95 2.060; Mon-Fri 22:00-23:00 p50 0.760 p95 1.380

=== tail: p99 1.570  p99.9 3.310  max 10.000 at 2026-01-30T19:02:50 ===
top-1 % bars by UTC hour (share of the tail, %):
0      7.6
1      7.4
2      4.0
3      3.3
4      3.1
5      3.6
6      3.6
7      2.8
8      2.0
9      2.6
10     2.5
11     2.9
12     2.7
13     3.5
14     2.1
15     2.7
16     2.3
17     1.8
18     2.0
19     1.9
20     4.1
21     4.3
22    10.7
23    16.6
top-1 % bars by weekday (share, %): {0: 21.2, 1: 8.8, 2: 9.7, 3: 19.0, 4: 29.3, 6: 12.1}
share of the tail that falls 21:00-23:59 UTC: 31.6 %; 07-16 UTC: 25.9 %

=== widening bars (spread > 3x hour median): 43,923 of 8,487,720 (0.517 %) ===
events (runs merged at <= 60 s): 1,817
                n  dur_p50  dur_p90  dur_max  maxsp_p50  maxsp_p90   bars  share_of_wide_bars_%
cls                                                                                            
break         208     35.0    311.0     6670       2.81       5.00   5400                  12.3
fomc           16     15.0    120.0      160       2.99       6.02     79                   0.2
scheduled     160      5.0     95.0     7400       2.45       4.67   1972                   4.5
unscheduled  1433     20.0    329.0    16475       2.18       4.38  36472                  83.0

events by UTC hour of start (count) and class:
cls       break  fomc  scheduled  unscheduled
utc_hour                                     
0             0     0          0          125
1             0     0          0          129
2             0     0          0           65
3             0     0          0           50
4             0     0          0           38
5             0     0          0           51
6             0     0          0           58
7             0     0          0           77
8             0     0          0           47
9             0     0          0           41
10            0     0          0           20
11            0     0          0           43
12            0     0         66           67
13            0     0         48           61
14            0     0         26           53
15            0     0         12           57
16            0     0          0           45
17            0     9          1           26
18            0     6          1           29
19            0     1          6           41
20           34     0          0           65
21           69     0          0            0
22          105     0          0           42
23            0     0          0          203

duration distribution (s), all events: {'p50': 20, 'p75': 100, 'p90': 305, 'p95': 585, 'p99': 2886} max 16475
events >= 5 min: 187; top 15:
              start  dur_s  max_spread  abs_move         cls
2026-01-30 16:34:00  16475       10.00   167.740 unscheduled
2025-11-28 09:43:30  12860        5.00     5.235 unscheduled
2026-02-02 05:30:30  12710       10.00    16.400 unscheduled
2026-01-30 07:34:55  12525        5.00    57.810 unscheduled
2026-01-30 01:42:00   9940        5.00   159.315 unscheduled
2026-01-29 15:01:35   7400        5.00   190.140   scheduled
2026-01-30 05:28:35   7095        3.90    51.885 unscheduled
2025-08-07 22:04:55   6670        5.00     3.465       break
2026-02-02 09:03:25   5495        3.09    80.230 unscheduled
2026-01-30 14:18:55   5220        5.00    13.990 unscheduled
2026-02-02 04:18:05   4235        4.43    13.240 unscheduled
2026-01-30 12:36:45   4025        5.00    69.180 unscheduled
2026-01-29 17:11:40   3845        3.09    73.910 unscheduled
2026-02-02 00:56:20   3555       10.00    39.935 unscheduled
2026-02-02 14:42:25   3355        7.68    91.075 unscheduled

derived FOMC-like days (16; Wednesday burst starting 13:59-14:01 ET):
   ny_date  max_spread  dur_s  abs_move  presser  gap_days
2024-12-18        2.24      5       2.7    False       NaN
2025-01-29        3.02     20       0.8    False      42.0
2025-03-19        2.17      5       0.5    False      49.0
2025-04-09        1.97     15       3.0    False      21.0
2025-05-07        3.34     10       0.6    False      28.0
2025-06-18        1.87      5       0.2    False      42.0
2025-07-30        2.97      5       0.7    False      42.0
2025-09-17        5.00    110      12.6    False      49.0
2025-10-08        1.82      5       0.5    False      21.0
2025-10-29        2.76     15       0.5     True      21.0
2025-12-10        3.60    130      11.7     True      42.0
2026-01-28        5.00     50       0.1     True      49.0
2026-04-29        2.34     25       7.7    False      91.0
2026-06-17        3.53     10      21.0     True      49.0
2026-07-29        7.05    160      32.7    False      42.0
2026-09-16        7.17     90      24.6    False      49.0
scheduled-slot share by slot (ET): {'08:30': 103, '10:00': 49, '14:00': 8}
07-16 UTC events: 663; by class: {'unscheduled': 511, 'scheduled': 152}; wide-bar share by class: {'scheduled': 10.5, 'unscheduled': 89.5}
done
