consecutive bar pairs: 8,487,719; exactly 5 s apart: 8,352,183 (98.40 %); gap pairs (dt > 5 s): 135,536 -- excluded from the 5-s jump statistics
gap pairs by dt: <=60 s 134,914  1-10 min 88  >10 min 534
jump across gaps <= 60 s: p50 0.055 p99 0.680; across the daily break (dt 50-70 min, weekdays): p50 1.610 p95 11.639 max 54.22 (n 407)
weekend/holiday gaps (> 40 h): n 106; |open gap| p50 6.44 p90 29.62 max 90.02

=== 5-s |close-to-close| jump by UTC hour ===
 hour      n   mean   p50   p90   p99   p999    max  share_zero  E_J2_over_2EJ
    0 361220 0.2639 0.125 0.640 1.975 4.4750 30.025      0.0251         0.4858
    1 378006 0.3430 0.185 0.810 2.345 5.3999 26.375      0.0137         0.5708
    2 374297 0.2605 0.140 0.605 1.795 4.6085 17.080      0.0191         0.4534
    3 367245 0.2084 0.110 0.490 1.430 3.6050 15.445      0.0254         0.3556
    4 352728 0.1693 0.090 0.405 1.190 2.8750  9.705      0.0338         0.2908
    5 369155 0.2306 0.120 0.550 1.585 3.7250 23.615      0.0234         0.3920
    6 375961 0.2517 0.140 0.585 1.680 3.8700 20.505      0.0169         0.4019
    7 375343 0.2417 0.135 0.565 1.590 3.7683 16.995      0.0188         0.3803
    8 375043 0.2419 0.135 0.560 1.620 3.7150 20.470      0.0183         0.3850
    9 373497 0.2245 0.120 0.520 1.525 3.8900 19.540      0.0211         0.3827
   10 372063 0.2095 0.115 0.485 1.450 3.3700 10.830      0.0231         0.3438
   11 373036 0.2246 0.120 0.515 1.590 3.9398 26.555      0.0221         0.4131
   12 377149 0.2950 0.165 0.690 1.925 4.3250 53.260      0.0149         0.4884
   13 379606 0.3990 0.245 0.915 2.380 5.0100 28.910      0.0081         0.5268
   14 379865 0.4046 0.245 0.930 2.455 5.0557 17.675      0.0081         0.5414
   15 379176 0.3518 0.200 0.800 2.325 6.0000 30.585      0.0104         0.6040
   16 377196 0.2777 0.155 0.640 1.920 4.5300 14.825      0.0156         0.4539
   17 372494 0.2421 0.130 0.560 1.720 4.2600 13.830      0.0194         0.4184
   18 366751 0.2292 0.110 0.525 1.785 4.9213 30.160      0.0237         0.5090
   19 360757 0.2143 0.105 0.505 1.675 3.9112 16.420      0.0256         0.4088
   20 318434 0.1902 0.090 0.450 1.560 3.8078 16.415      0.0311         0.4016
   21  93262 0.1841 0.075 0.435 1.775 4.1398 17.485      0.0327         0.4618
   22 187632 0.2385 0.105 0.575 1.950 4.6368 30.095      0.0300         0.5613
   23 312267 0.2313 0.100 0.560 1.925 4.7273 28.000      0.0334         0.5330

=== gap-through probability per 5-s bar, P(J > d), by hour (x1e-3) ===
      P(J>1)  P(J>2)  P(J>3)  P(J>5)  P(J>10)
hour                                         
0     44.460   9.678   3.369   0.706    0.055
1     68.081  15.092   5.169   1.283    0.143
2     37.759   7.785   3.048   0.783    0.072
3     23.262   4.368   1.634   0.324    0.016
4     15.043   2.583   0.870   0.142    0.000
5     30.816   5.526   1.834   0.363    0.024
6     34.176   6.277   2.154   0.423    0.045
7     30.735   5.432   1.849   0.392    0.027
8     31.418   5.743   1.882   0.339    0.027
9     26.921   5.162   1.888   0.474    0.024
10    24.173   4.362   1.443   0.285    0.005
11    27.467   5.745   2.099   0.550    0.070
12    48.254   9.057   2.834   0.626    0.072
13    83.523  16.127   5.045   1.009    0.047
14    86.802  17.456   5.736   1.035    0.050
15    65.368  14.049   5.464   1.569    0.256
16    43.208   9.131   3.354   0.713    0.040
17    33.415   7.012   2.497   0.575    0.032
18    32.248   7.823   3.152   0.965    0.131
19    29.319   6.628   2.195   0.402    0.019
20    24.931   5.599   2.016   0.437    0.025
21    29.412   7.538   2.584   0.418    0.021
22    39.210   9.396   3.304   0.805    0.144
23    38.643   9.184   3.340   0.849    0.115

=== expected count of jumps > d per hour of trading (720 bars) ===
      per_hour_count_J>1  per_hour_count_J>2  per_hour_count_J>3  per_hour_count_J>5  per_hour_count_J>10
hour                                                                                                     
0                 32.012               6.968               2.426               0.508                0.040
1                 49.018              10.866               3.722               0.924                0.103
2                 27.186               5.605               2.195               0.564                0.052
3                 16.749               3.145               1.176               0.233                0.012
4                 10.831               1.860               0.627               0.102                0.000
5                 22.188               3.979               1.320               0.261                0.018
6                 24.607               4.520               1.551               0.304                0.033
7                 22.129               3.911               1.331               0.282                0.019
8                 22.621               4.135               1.355               0.244                0.019
9                 19.383               3.717               1.359               0.341                0.017
10                17.405               3.141               1.039               0.205                0.004
11                19.776               4.136               1.511               0.396                0.050
12                34.743               6.521               2.041               0.451                0.052
13                60.137              11.612               3.632               0.726                0.034
14                62.497              12.568               4.130               0.745                0.036
15                47.065              10.115               3.934               1.130                0.184
16                31.110               6.574               2.415               0.513                0.029
17                24.059               5.049               1.798               0.414                0.023
18                23.219               5.632               2.269               0.695                0.094
19                21.110               4.772               1.581               0.289                0.014
20                17.951               4.031               1.452               0.314                0.018
21                21.176               5.427               1.861               0.301                0.015
22                28.231               6.765               2.379               0.579                0.104
23                27.823               6.613               2.405               0.611                0.083

=== expected overshoot given the jump exceeds d, E[J-d | J>d] (pts) ===
      E[J-1|J>1]  E[J-2|J>2]  E[J-3|J>3]  E[J-5|J>5]  E[J-10|J>10]
hour                                                              
0          0.721       1.070       1.356       1.847         3.541
1          0.744       1.144       1.588       2.187         3.578
2          0.723       1.235       1.547       1.925         1.682
3          0.657       1.102       1.291       1.578         2.197
4          0.601       0.969       1.077       1.079           NaN
5          0.631       1.052       1.384       2.039         4.944
6          0.649       1.064       1.355       2.083         2.434
7          0.627       1.061       1.386       1.833         1.918
8          0.637       1.020       1.294       1.870         4.654
9          0.677       1.165       1.508       1.801         2.996
10         0.622       0.978       1.182       1.241         0.608
11         0.726       1.211       1.624       2.302         3.831
12         0.658       1.074       1.585       2.678         8.201
13         0.655       0.971       1.259       1.568         3.023
14         0.673       0.987       1.221       1.686         1.968
15         0.777       1.377       1.916       2.882         4.174
16         0.707       1.104       1.331       1.550         1.761
17         0.704       1.105       1.413       1.576         1.432
18         0.845       1.412       1.904       2.518         3.192
19         0.723       1.014       1.231       1.594         3.147
20         0.735       1.087       1.322       1.590         2.476
21         0.793       1.024       1.204       1.563         3.772
22         0.799       1.234       1.804       3.263         6.630
23         0.793       1.227       1.672       2.439         4.000

=== level-crossing slippage per stop-out E[J^2]/(2E[J]) by hour: all / TRAIN / TEST / winsorised p99.9 / excluding the 10 largest ===
 hour  slip_all  slip_train  slip_test  slip_wins999  slip_excl_top10
    0     0.486       0.285      0.603         0.442            0.471
    1     0.571       0.284      0.749         0.516            0.556
    2     0.453       0.228      0.601         0.410            0.444
    3     0.356       0.192      0.468         0.325            0.348
    4     0.291       0.176      0.372         0.268            0.286
    5     0.392       0.221      0.505         0.355            0.379
    6     0.402       0.220      0.531         0.366            0.392
    7     0.380       0.233      0.493         0.348            0.373
    8     0.385       0.244      0.491         0.352            0.373
    9     0.383       0.217      0.506         0.344            0.373
   10     0.344       0.205      0.449         0.318            0.339
   11     0.413       0.216      0.558         0.355            0.393
   12     0.488       0.301      0.637         0.416            0.446
   13     0.527       0.328      0.679         0.501            0.519
   14     0.541       0.333      0.695         0.515            0.536
   15     0.604       0.274      0.823         0.519            0.584
   16     0.454       0.241      0.599         0.423            0.447
   17     0.418       0.223      0.549         0.385            0.411
   18     0.509       0.254      0.665         0.427            0.485
   19     0.409       0.209      0.530         0.376            0.400
   20     0.402       0.206      0.514         0.361            0.390
   21     0.462       0.141      0.580         0.425            0.437
   22     0.561       0.443      0.645         0.448            0.499
   23     0.533       0.252      0.684         0.457            0.506

07-16 UTC pooled: slip 0.470 (TRAIN 0.270, TEST 0.618); winsorised 0.424; mean J 0.288; P(J>1) 46.937e-3
all hours pooled: slip 0.460; mean J 0.259

=== 07-16 UTC jumps by month ===
  month   mean   p99   slip  P_J_gt_1  P_J_gt_3
2024-09 0.1375 0.745 0.1693    0.0034    0.0001
2024-10 0.1362 0.735 0.1666    0.0033    0.0000
2024-11 0.1571 0.790 0.1756    0.0039    0.0001
2024-12 0.1280 0.655 0.1445    0.0017    0.0000
2025-01 0.1314 0.690 0.1553    0.0026    0.0001
2025-02 0.1575 0.860 0.1886    0.0060    0.0001
2025-03 0.1537 0.815 0.1785    0.0043    0.0001
2025-04 0.2929 1.515 0.3279    0.0390    0.0006
2025-05 0.2504 1.265 0.2724    0.0221    0.0003
2025-06 0.2070 1.100 0.2371    0.0136    0.0002
2025-07 0.1650 0.895 0.2011    0.0069    0.0001
2025-08 0.1589 0.860 0.1951    0.0059    0.0002
2025-09 0.2028 1.030 0.2280    0.0110    0.0001
2025-10 0.4045 2.240 0.4913    0.0857    0.0035
2025-11 0.3213 1.620 0.3533    0.0476    0.0007
2025-12 0.2940 1.655 0.3609    0.0420    0.0013
2026-01 0.4715 3.735 0.9139    0.1063    0.0153
2026-02 0.6089 4.085 0.8909    0.1778    0.0230
2026-03 0.6747 3.865 0.8355    0.2097    0.0216
2026-04 0.4180 2.175 0.4836    0.0894    0.0035
2026-05 0.3720 1.925 0.4203    0.0693    0.0019
2026-06 0.3722 1.925 0.4265    0.0700    0.0020
2026-07 0.3037 1.620 0.3822    0.0418    0.0012
2026-08 0.3398 1.845 0.4329    0.0563    0.0018
2026-09 0.3574 1.840 0.4998    0.0610    0.0019

release minutes (08:30/10:00/14:00 ET +-1 min, Mon-Fri): n 56,471; mean J 0.432 vs other core-hour bars 0.285; P(J>1) 97.63e-3 vs 46.139e-3; slip per stop-out 1.071 vs 0.458
share of all core-hour jumps > 3 pt that occur in release minutes: 4.9 % (release minutes are 1.01 % of core bars)
done
