=== cost model, TRAIN-fitted: per-trade points relative to the mid-M1 harness at cost 0 ===
cost(h, d) = entry(h) + geom(d, h) + P(SL) * slip(h, d); the total_* columns assume P(SL) = 0.5
entry(h) = measured fill vs the market mid at the signal close (half-spread + 5-s drift), generic; the strategy-specific nominal-entry gap is NOT in this table (see nominal_gap_by_strategy.csv); hours with < 200 Stage-1 entries use p50 spread/2 + pooled drift
 hour  spread_p50  entry  slip_per_stop  geom_<2  slip_<2  total_<2  geom_2-3  slip_2-3  total_2-3  geom_3-5  slip_3-5  total_3-5  geom_5-10  slip_5-10  total_5-10  geom_10+  slip_10+  total_10+
    0        0.67  0.361          0.285    0.275    0.149     0.711     0.311     0.187      0.766     0.364     0.232      0.841      0.166      0.400       0.728     0.341     0.455      0.930
    1        0.66  0.342          0.284    0.271    0.148     0.688     0.307     0.187      0.742     0.358     0.231      0.816      0.164      0.399       0.706     0.336     0.454      0.905
    2        0.65  0.276          0.228    0.267    0.119     0.602     0.302     0.150      0.653     0.353     0.185      0.721      0.162      0.320       0.597     0.331     0.364      0.789
    3        0.64  0.374          0.192    0.263    0.101     0.687     0.297     0.127      0.735     0.347     0.157      0.800      0.159      0.270       0.668     0.326     0.307      0.854
    4        0.64  0.406          0.176    0.263    0.092     0.715     0.297     0.116      0.761     0.347     0.143      0.825      0.159      0.248       0.689     0.326     0.281      0.872
    5        0.64  0.348          0.221    0.263    0.116     0.669     0.297     0.146      0.718     0.347     0.180      0.785      0.159      0.311       0.663     0.326     0.354      0.851
    6        0.61  0.300          0.220    0.251    0.115     0.609     0.283     0.145      0.656     0.331     0.180      0.721      0.152      0.310       0.607     0.311     0.352      0.787
    7        0.59  0.307          0.233    0.254    0.122     0.623     0.274     0.154      0.658     0.320     0.190      0.723      0.147      0.328       0.618     0.296     0.373      0.790
    8        0.59  0.334          0.244    0.254    0.128     0.652     0.274     0.161      0.688     0.320     0.199      0.754      0.147      0.343       0.652     0.296     0.390      0.825
    9        0.58  0.317          0.217    0.250    0.113     0.624     0.269     0.143      0.658     0.315     0.177      0.720      0.144      0.305       0.614     0.291     0.347      0.781
   10        0.58  0.316          0.205    0.250    0.107     0.619     0.269     0.135      0.653     0.315     0.167      0.714      0.144      0.288       0.604     0.291     0.328      0.771
   11        0.58  0.315          0.216    0.250    0.113     0.621     0.269     0.143      0.655     0.315     0.176      0.718      0.144      0.304       0.611     0.291     0.346      0.779
   12        0.60  0.344          0.301    0.259    0.157     0.681     0.279     0.198      0.721     0.326     0.245      0.792      0.149      0.423       0.704     0.301     0.480      0.885
   13        0.61  0.344          0.328    0.251    0.172     0.680     0.283     0.216      0.735     0.331     0.267      0.808      0.152      0.461       0.726     0.311     0.524      0.916
   14        0.60  0.338          0.333    0.259    0.174     0.684     0.279     0.219      0.727     0.326     0.271      0.799      0.149      0.468       0.721     0.301     0.532      0.905
   15        0.59  0.308          0.274    0.254    0.143     0.634     0.274     0.180      0.673     0.320     0.223      0.740      0.147      0.385       0.647     0.296     0.437      0.823
   16        0.58  0.286          0.241    0.250    0.126     0.599     0.269     0.159      0.635     0.315     0.197      0.699      0.144      0.340       0.600     0.291     0.386      0.770
   17        0.59  0.306          0.223    0.254    0.116     0.619     0.274     0.147      0.654     0.320     0.181      0.717      0.147      0.313       0.610     0.296     0.356      0.780
   18        0.59  0.321          0.254    0.254    0.133     0.642     0.274     0.167      0.679     0.320     0.207      0.745      0.147      0.357       0.646     0.296     0.406      0.820
   19        0.58  0.316          0.209    0.250    0.109     0.621     0.269     0.138      0.654     0.315     0.170      0.716      0.144      0.294       0.607     0.291     0.334      0.774
   20        0.64  0.346          0.206    0.263    0.107     0.663     0.297     0.135      0.711     0.347     0.167      0.777      0.159      0.289       0.650     0.326     0.329      0.836
   21        0.73  0.391          0.141    0.300    0.074     0.728     0.315     0.093      0.752     0.396     0.115      0.845      0.440      0.198       0.931     0.372     0.225      0.875
   22        0.77  0.411          0.443    0.316    0.232     0.843     0.332     0.292      0.889     0.418     0.361      1.010      0.464      0.624       1.187     0.392     0.709      1.157
   23        0.73  0.391          0.252    0.300    0.132     0.757     0.315     0.166      0.789     0.396     0.205      0.890      0.440      0.355       1.009     0.372     0.403      0.964

=== the same table with TEST-era inputs (2025-12 -> 2026-09: wider spreads, 2x jumps) ===
 hour  spread_p50  entry  slip_per_stop  geom_<2  slip_<2  total_<2  geom_2-3  slip_2-3  total_2-3  geom_3-5  slip_3-5  total_3-5  geom_5-10  slip_5-10  total_5-10  geom_10+  slip_10+  total_10+
    0        0.67  0.370          0.603    0.195    0.315     0.723     0.212     0.397      0.780     0.226     0.491      0.841      0.351      0.848       1.145     0.409     0.963      1.261
    1        0.66  0.491          0.748    0.192    0.391     0.878     0.208     0.493      0.945     0.222     0.610      1.018      0.346      1.053       1.363     0.403     1.196      1.492
    2        0.65  0.596          0.601    0.189    0.314     0.943     0.205     0.396      1.000     0.219     0.490      1.060      0.341      0.846       1.360     0.397     0.961      1.474
    3        0.64  0.290          0.468    0.186    0.244     0.599     0.202     0.308      0.647     0.215     0.381      0.696      0.335      0.658       0.955     0.391     0.747      1.055
    4        0.64  0.394          0.372    0.186    0.194     0.677     0.202     0.245      0.718     0.215     0.303      0.761      0.335      0.523       0.991     0.391     0.594      1.082
    5        0.64  0.382          0.505    0.186    0.264     0.700     0.202     0.332      0.750     0.215     0.411      0.803      0.335      0.710       1.073     0.391     0.807      1.176
    6        0.61  0.439          0.531    0.178    0.278     0.755     0.193     0.350      0.806     0.205     0.433      0.861      0.320      0.747       1.132     0.372     0.849      1.236
    7        0.59  0.375          0.493    0.164    0.258     0.668     0.186     0.324      0.724     0.199     0.401      0.775      0.309      0.693       1.031     0.497     0.787      1.266
    8        0.59  0.402          0.491    0.164    0.257     0.695     0.186     0.323      0.750     0.199     0.400      0.801      0.309      0.690       1.057     0.497     0.785      1.291
    9        0.58  0.377          0.506    0.161    0.265     0.670     0.183     0.333      0.727     0.195     0.412      0.778      0.304      0.712       1.037     0.488     0.809      1.270
   10        0.58  0.367          0.448    0.161    0.234     0.646     0.183     0.295      0.698     0.195     0.365      0.745      0.304      0.631       0.987     0.488     0.717      1.214
   11        0.58  0.429          0.558    0.161    0.292     0.736     0.183     0.368      0.796     0.195     0.455      0.851      0.304      0.785       1.125     0.488     0.892      1.363
   12        0.60  0.343          0.637    0.167    0.333     0.676     0.189     0.420      0.742     0.202     0.519      0.805      0.315      0.896       1.106     0.505     1.019      1.357
   13        0.61  0.481          0.680    0.178    0.355     0.836     0.193     0.447      0.897     0.205     0.553      0.963      0.320      0.956       1.279     0.372     1.086      1.397
   14        0.60  0.434          0.696    0.167    0.364     0.782     0.189     0.458      0.852     0.202     0.566      0.919      0.315      0.978       1.237     0.505     1.111      1.495
   15        0.59  0.355          0.823    0.164    0.430     0.734     0.186     0.542      0.812     0.199     0.670      0.889      0.309      1.158       1.243     0.497     1.315      1.509
   16        0.58  0.433          0.599    0.161    0.313     0.750     0.183     0.394      0.813     0.195     0.488      0.872      0.304      0.842       1.158     0.488     0.957      1.399
   17        0.59  0.558          0.549    0.164    0.287     0.865     0.186     0.361      0.925     0.199     0.447      0.980      0.309      0.772       1.253     0.497     0.877      1.493
   18        0.59  0.330          0.665    0.164    0.348     0.668     0.186     0.438      0.735     0.199     0.542      0.799      0.309      0.936       1.107     0.497     1.063      1.358
   19        0.58  0.325          0.530    0.161    0.277     0.625     0.183     0.349      0.683     0.195     0.432      0.736      0.304      0.746       1.002     0.488     0.848      1.237
   20        0.64  0.355          0.514    0.186    0.269     0.676     0.202     0.338      0.726     0.215     0.419      0.780      0.335      0.723       1.052     0.391     0.822      1.157
   21        0.73  0.400          0.580    0.213    0.303     0.764     0.203     0.381      0.794     0.246     0.472      0.882      0.371      0.815       1.178     0.446     0.926      1.309
   22        0.77  0.420          0.644    0.224    0.337     0.813     0.214     0.424      0.846     0.259     0.525      0.942      0.391      0.906       1.264     0.470     1.030      1.405
   23        0.73  0.400          0.684    0.213    0.358     0.791     0.203     0.450      0.828     0.246     0.557      0.924      0.371      0.962       1.252     0.446     1.093      1.392

07-16 UTC means, TRAIN-fitted: entry=0.321, slip_per_stop=0.259, total_<2=0.642, total_2-3=0.680, total_3-5=0.747, total_5-10=0.650, total_10+=0.825
07-16 UTC means, TEST-era:     entry=0.400, slip_per_stop=0.593, total_<2=0.719, total_2-3=0.781, total_3-5=0.840, total_5-10=1.126, total_10+=1.356

=== TEST validation (read once): predicted quote net = mid_M1 net - sum G_train(x) * spread_entry ===
-- cost 0.45
            strategy    n   mid_net  quote_net  pred_net  actual_haircut  pred_haircut  err_pts  X_pct  mid_pf  quote_pf  pred_pf  pf_err  eligible
        c03_fvg_fill  838  1856.570   1529.400  1569.836         327.170       286.734   40.436  2.644   1.571     1.452    1.462   0.010      True
   s03_ob_mitigation 2620   -58.870   -772.340  -875.250         713.470       816.380 -102.910 13.324   0.988     0.853    0.840  -0.013      True
   s04_breaker_block 4052  -994.460  -1672.400 -2345.765         677.940      1351.305 -673.365 40.263   0.889     0.819    0.762  -0.057      True
       s100_m3_combo 2432   506.155   -294.930  -388.675         801.085       894.830  -93.745 31.786   1.065     0.963    0.954  -0.010      True
      s10_90min_fade 4714 -2000.070  -3167.600 -3600.003        1167.530      1599.933 -432.403 13.651   0.786     0.687    0.650  -0.036      True
     s11_m90_fade_ny  910  -280.360   -438.770  -608.762         158.410       328.402 -169.992 38.743   0.855     0.789    0.714  -0.074      True
   s12_m90_fade_bias 2091   171.790   -472.740  -541.310         644.530       713.100  -68.570 14.505   1.059     0.861    0.836  -0.025      True
     s14_ob_mit_bias 1421  1462.250   1041.260  1016.954         420.990       445.296  -24.306  2.334   1.672     1.445    1.425  -0.020      True
       s93_fvg_scalp  200   263.955    216.400   190.738          47.555        73.217  -25.662 11.858   1.340     1.271    1.234  -0.037      True
  s94_sweep_reversal  697  -449.725   -479.225  -713.444          29.500       263.719 -234.219 48.874   0.866     0.857    0.800  -0.057      True
s95_session_breakout  384   948.320    842.190   802.646         106.130       145.674  -39.544  4.695   1.388     1.338    1.322  -0.016      True
     s96_h1_momentum  275  1526.485   1256.435  1403.818         270.050       122.667  147.383 11.730   1.365     1.287    1.333   0.047      True
 s97_snap_scalper_m5  232   454.710    316.045   370.395         138.665        84.315   54.350 17.197   2.577     1.846    2.224   0.378      True
   s98_zscore_mr_m15   16  -233.960   -230.930  -238.807          -3.030         4.847   -7.877  3.411   0.197     0.199    0.191  -0.008      True
         s99_mss_fvg  961  -255.675   -624.050  -598.175         368.375       342.500   25.875  4.146   0.925     0.825    0.833   0.009      True
pooled TEST: actual quote net -2951.3, predicted -4555.8, X = 54.37 % of |quote net|; haircut predicted 7472.9 vs actual 5868.4 (+27.3 %); per-strategy median X (eligible) 13.3 %, max 48.9 %; |PF err| median 0.025, max 0.378
pre-declared adequacy (pooled X <= 10 % and eligible median X <= 15 %): FAIL
-- cost 0.8
            strategy    n   mid_net  quote_net  pred_net  actual_haircut  pred_haircut  err_pts  X_pct  mid_pf  quote_pf  pred_pf  pf_err  eligible
        c03_fvg_fill  838  1563.270   1236.100  1276.536         327.170       286.734   40.436  3.271   1.459     1.348    1.359   0.011      True
   s03_ob_mitigation 2620  -975.870  -1689.340 -1792.250         713.470       816.380 -102.910  6.092   0.824     0.712    0.703  -0.009      True
   s04_breaker_block 4052 -2412.660  -3090.600 -3763.965         677.940      1351.305 -673.365 21.788   0.756     0.697    0.651  -0.046      True
       s100_m3_combo 2432  -345.045  -1146.130 -1239.875         801.085       894.830  -93.745  8.179   0.959     0.866    0.861  -0.005      True
      s10_90min_fade 4714 -3649.970  -4817.500 -5249.903        1167.530      1599.933 -432.403  8.976   0.647     0.568    0.539  -0.030      True
     s11_m90_fade_ny  910  -598.860   -757.270  -927.262         158.410       328.402 -169.992 22.448   0.718     0.667    0.603  -0.064      True
   s12_m90_fade_bias 2091  -560.060  -1204.590 -1273.160         644.530       713.100  -68.570  5.692   0.831     0.683    0.658  -0.025      True
     s14_ob_mit_bias 1421   964.900    543.910   519.604         420.990       445.296  -24.306  4.469   1.400     1.210    1.198  -0.012      True
       s93_fvg_scalp  200   193.955    146.400   120.738          47.555        73.217  -25.662 17.528   1.238     1.175    1.142  -0.033      True
  s94_sweep_reversal  697  -693.675   -723.175  -957.394          29.500       263.719 -234.219 32.388   0.804     0.796    0.745  -0.051      True
s95_session_breakout  384   813.920    707.790   668.246         106.130       145.674  -39.544  5.587   1.327     1.279    1.264  -0.015      True
     s96_h1_momentum  275  1430.235   1160.185  1307.568         270.050       122.667  147.383 12.703   1.340     1.264    1.309   0.045      True
 s97_snap_scalper_m5  232   373.510    234.845   289.195         138.665        84.315   54.350 23.143   2.239     1.601    1.916   0.315      True
   s98_zscore_mr_m15   16  -239.560   -236.530  -244.407          -3.030         4.847   -7.877  3.330   0.190     0.192    0.184  -0.008      True
         s99_mss_fvg  961  -592.025   -960.400  -934.525         368.375       342.500   25.875  2.694   0.835     0.745    0.753   0.008      True
pooled TEST: actual quote net -10596.3, predicted -12200.9, X = 15.14 % of |quote net|; haircut predicted 7472.9 vs actual 5868.4 (+27.3 %); per-strategy median X (eligible) 8.2 %, max 32.4 %; |PF err| median 0.025, max 0.315
pre-declared adequacy (pooled X <= 10 % and eligible median X <= 15 %): FAIL

TEST geometry haircut, all 15 strategies pooled: actual 5868.4 pts on 21843 trades (0.269/trade), predicted 7472.9 (0.342/trade): over-prediction +27.3 %
post-hoc, not adopted: a flat TRAIN-mean haircut of 0.280 pts/trade predicts TEST haircut 6114.9 (+4.2 %); the same G(x) curve refitted on TEST would be exact by construction (G_test pooled 0.364 vs G_train 0.467)

=== flat-cost equivalents: mean per-trade all-in cost over the Stage-1 trades (entry + geometry + stop slippage) ===
  set    window     n  entry  geom  slip_model  slip_observed  total_model  total_observed  actual_delta  p_sl  risk_median
TRAIN 07-16 UTC 21706  0.324 0.277       0.101          0.146        0.702           0.748         0.277 0.554         2.18
TRAIN all hours 23694  0.326 0.280       0.100          0.148        0.706           0.754         0.280 0.552         2.21
 TEST 07-16 UTC 19656  0.397 0.260       0.255          0.300        0.911           0.957         0.260 0.580         2.80
 TEST all hours 21843  0.404 0.269       0.258          0.304        0.930           0.976         0.269 0.582         2.88

07-16 UTC all-in cost by stop bucket (observed slippage):
  set stop    n  entry  geom  slip_obs  total_observed  p_sl
TRAIN   <2 9008  0.315 0.244     0.124           0.683 0.593
TRAIN  2-3 7028  0.332 0.277     0.152           0.762 0.573
TRAIN  3-5 3755  0.326 0.329     0.178           0.833 0.544
TRAIN 5-10 1090  0.356 0.342     0.206           0.905 0.423
TRAIN  10+  825  0.310 0.309     0.116           0.734 0.190
 TEST   <2 4986  0.385 0.190     0.246           0.821 0.646
 TEST  2-3 5733  0.357 0.206     0.260           0.823 0.606
 TEST  3-5 5100  0.393 0.250     0.303           0.945 0.584
 TEST 5-10 2513  0.427 0.358     0.359           1.144 0.500
 TEST  10+ 1324  0.569 0.612     0.555           1.736 0.356

=== decision rule (b): TEST PF of every Stage-1 strategy under the flat costs vs the model ===
            strategy  test_n  test_pf_0_45  test_pf_0_80  test_pf_model  test_pf_model_testera  test_pf_quote_s5_0_80  train_pf_0_45  train_pf_model  model_cost_per_trade_test  testera_cost_per_trade  test_pf_model_nominal  train_pf_model_nominal  nominal_gap_per_trade  flat_pass  model_pass  model_nominal_pass
        c03_fvg_fill     838         1.571         1.459          1.383                  1.331                  1.348          1.429           1.258                      1.045                   1.211                  1.383                   1.258                 -0.000       True        True                True
   s03_ob_mitigation    2620         0.988         0.824          0.818                  0.816                  0.712          1.017           0.878                      0.806                   0.819                  0.818                   0.878                 -0.000      False       False               False
   s04_breaker_block    4052         0.889         0.756          0.728                  0.721                  0.697          0.854           0.715                      0.863                   0.897                  0.728                   0.715                 -0.000      False       False               False
       s100_m3_combo    2432         1.065         0.959          0.919                  0.898                  0.866          0.898           0.781                      0.942                   1.027                  0.893                   0.756                  0.083      False       False               False
      s10_90min_fade    4714         0.786         0.647          0.639                  0.631                  0.568          0.689           0.556                      0.816                   0.855                  0.639                   0.557                 -0.000      False       False               False
     s11_m90_fade_ny     910         0.855         0.718          0.701                  0.676                  0.667          0.911           0.724                      0.840                   0.930                  0.701                   0.724                 -0.000      False       False               False
   s12_m90_fade_bias    2091         1.059         0.831          0.809                  0.806                  0.683          0.938           0.721                      0.839                   0.850                  0.809                   0.721                 -0.000      False       False               False
     s14_ob_mit_bias    1421         1.672         1.400          1.392                  1.390                  1.210          1.540           1.326                      0.824                   0.813                  1.392                   1.326                 -0.000       True        True                True
       s93_fvg_scalp     200         1.340         1.238          1.153                  1.105                  1.175          1.153           1.027                      1.135                   1.316                  1.198                   1.014                 -0.117       True        True                True
  s94_sweep_reversal     697         0.866         0.804          0.775                  0.749                  0.796          0.827           0.735                      0.985                   1.169                  0.744                   0.720                  0.165      False       False               False
s95_session_breakout     384         1.388         1.327          1.282                  1.225                  1.279          1.409           1.317                      1.067                   1.403                  1.575                   1.579                 -1.670       True        True                True
     s96_h1_momentum     275         1.365         1.340          1.318                  1.281                  1.264          1.257           1.220                      1.100                   1.588                  1.190                   1.082                  1.981       True        True                True
 s97_snap_scalper_m5     232         2.577         2.239          2.519                  2.420                  1.601          2.394           2.184                      0.477                   0.541                  0.300                   0.171                  3.828       True        True               False
   s98_zscore_mr_m15      16         0.197         0.190          0.190                  0.184                  0.192          0.745           0.718                      1.305                   1.870                  0.216                   0.752                 -1.359      False       False               False
         s99_mss_fvg     961         0.925         0.835          0.803                  0.779                  0.745          0.937           0.830                      0.924                   1.042                  0.793                   0.829                  0.008      False       False               False
verdict changes, generic table (hour x stop) vs flat costs: 0 -> []
verdict changes once the strategy's nominal-fill gap is added: 1 -> ['s97_snap_scalper_m5']

=== post-hoc diagnostic (TRAIN months only for the fit; recorded as a next hypothesis, not adopted) ===
              n      G  delta  spread  J_mean_0716  J_over_s  train
month                                                              
2024-09  1188.0  0.624  0.240   0.385        0.138     0.357   True
2024-10  1217.0  0.520  0.206   0.396        0.136     0.344   True
2024-11  1380.0  0.447  0.181   0.405        0.157     0.388   True
2024-12  1145.0  0.541  0.262   0.485        0.128     0.264   True
2025-01  1103.0  0.512  0.279   0.545        0.131     0.241   True
2025-02  1357.0  0.441  0.234   0.531        0.158     0.296   True
2025-03  1372.0  0.614  0.317   0.516        0.154     0.298   True
2025-04  2026.0  0.376  0.241   0.642        0.293     0.457   True
2025-05  2087.0  0.447  0.338   0.756        0.250     0.331   True
2025-06  1835.0  0.553  0.381   0.688        0.207     0.301   True
2025-07  1530.0  0.521  0.296   0.569        0.165     0.290   True
2025-08  1343.0  0.409  0.235   0.575        0.159     0.276   True
2025-09  1796.0  0.433  0.252   0.582        0.203     0.348   True
2025-10  2355.0  0.435  0.333   0.765        0.405     0.529   True
2025-11  1960.0  0.397  0.300   0.755        0.321     0.425   True
2025-12  2077.0  0.357  0.296   0.830        0.294     0.354  False
2026-01  2293.0  0.331  0.348   1.051        0.472     0.448  False
2026-02  2216.0  0.402  0.362   0.902        0.609     0.675  False
2026-03  2449.0  0.416  0.364   0.876        0.675     0.770  False
2026-04  2250.0  0.358  0.252   0.704        0.418     0.594  False
2026-05  2335.0  0.325  0.205   0.630        0.372     0.591  False
2026-06  2432.0  0.296  0.187   0.631        0.372     0.590  False
2026-07  2369.0  0.388  0.224   0.577        0.304     0.526  False
2026-08  2133.0  0.387  0.212   0.547        0.340     0.621  False
2026-09  1289.0  0.398  0.217   0.544        0.357     0.657  False
TRAIN months: corr(G, J/s) = -0.463; corr(delta pts, spread) = +0.735; fit G = 0.640 -0.452 * (mean 5-s jump / spread). Predicted TEST G at J/s = 0.583: 0.376; actual TEST G 0.366
done
